{"metadata":{"kernelspec":{"language":"python","display_name":"Python 3","name":"python3"},"language_info":{"name":"python","version":"3.7.12","mimetype":"text/x-python","codemirror_mode":{"name":"ipython","version":3},"pygments_lexer":"ipython3","nbconvert_exporter":"python","file_extension":".py"}},"nbformat_minor":4,"nbformat":4,"cells":[{"cell_type":"markdown","source":"# Imports Libraries","metadata":{}},{"cell_type":"code","source":"import seaborn as sns\nimport plotly.express as px\nimport matplotlib.pyplot as plt\n\nimport numpy as np \nimport pandas as pd \n\n\nfrom sklearn.model_selection import train_test_split\nfrom sklearn.preprocessing import StandardScaler \nfrom sklearn.svm import SVC\nfrom sklearn.linear_model import LogisticRegression\nimport xgboost as xgb\nfrom sklearn.metrics import accuracy_score\nfrom sklearn.neighbors import KNeighborsClassifier  \nfrom sklearn.ensemble import RandomForestRegressor\nfrom sklearn.neighbors import KNeighborsClassifier\nfrom sklearn.naive_bayes import BernoulliNB\nfrom sklearn.naive_bayes import GaussianNB\nfrom sklearn.metrics import confusion_matrix\nfrom sklearn.model_selection import StratifiedShuffleSplit","metadata":{"_uuid":"8f2839f25d086af736a60e9eeb907d3b93b6e0e5","_cell_guid":"b1076dfc-b9ad-4769-8c92-a6c4dae69d19","execution":{"iopub.status.busy":"2023-01-17T13:16:03.880085Z","iopub.execute_input":"2023-01-17T13:16:03.880711Z","iopub.status.idle":"2023-01-17T13:16:06.861491Z","shell.execute_reply.started":"2023-01-17T13:16:03.880658Z","shell.execute_reply":"2023-01-17T13:16:06.859965Z"},"trusted":true},"execution_count":2,"outputs":[]},{"cell_type":"markdown","source":"# Reading Input files","metadata":{}},{"cell_type":"code","source":"import os\nfor dirname, _, filenames in os.walk('/kaggle/input'):\n    for filename in filenames:\n        print(os.path.join(dirname, filename))\n","metadata":{"execution":{"iopub.status.busy":"2023-01-17T13:16:09.904985Z","iopub.execute_input":"2023-01-17T13:16:09.905389Z","iopub.status.idle":"2023-01-17T13:16:09.920551Z","shell.execute_reply.started":"2023-01-17T13:16:09.905355Z","shell.execute_reply":"2023-01-17T13:16:09.919325Z"},"trusted":true},"execution_count":3,"outputs":[{"name":"stdout","text":"/kaggle/input/heart-attack-analysis-prediction-dataset/o2Saturation.csv\n/kaggle/input/heart-attack-analysis-prediction-dataset/heart.csv\n","output_type":"stream"}]},{"cell_type":"code","source":"heart_df=pd.read_csv('/kaggle/input/heart-attack-analysis-prediction-dataset/heart.csv')\nheart_df.head()","metadata":{"execution":{"iopub.status.busy":"2023-01-17T13:16:11.410030Z","iopub.execute_input":"2023-01-17T13:16:11.410652Z","iopub.status.idle":"2023-01-17T13:16:11.452183Z","shell.execute_reply.started":"2023-01-17T13:16:11.410615Z","shell.execute_reply":"2023-01-17T13:16:11.450968Z"},"trusted":true},"execution_count":4,"outputs":[{"execution_count":4,"output_type":"execute_result","data":{"text/plain":"   age  sex  cp  trtbps  chol  fbs  restecg  thalachh  exng  oldpeak  slp  \\\n0   63    1   3     145   233    1        0       150     0      2.3    0   \n1   37    1   2     130   250    0        1       187     0      3.5    0   \n2   41    0   1     130   204    0        0       172     0      1.4    2   \n3   56    1   1     120   236    0        1       178     0      0.8    2   \n4   57    0   0     120   354    0        1       163     1      0.6    2   \n\n   caa  thall  output  \n0    0      1       1  \n1    0      2       1  \n2    0      2       1  \n3    0      2       1  \n4    0      2       1  ","text/html":"<div>\n<style scoped>\n    .dataframe tbody tr th:only-of-type {\n        vertical-align: middle;\n    }\n\n    .dataframe tbody tr th {\n        vertical-align: top;\n    }\n\n    .dataframe thead th {\n        text-align: right;\n    }\n</style>\n<table border=\"1\" class=\"dataframe\">\n  <thead>\n    <tr style=\"text-align: right;\">\n      <th></th>\n      <th>age</th>\n      <th>sex</th>\n      <th>cp</th>\n      <th>trtbps</th>\n      <th>chol</th>\n      <th>fbs</th>\n      <th>restecg</th>\n      <th>thalachh</th>\n      <th>exng</th>\n      <th>oldpeak</th>\n      <th>slp</th>\n      <th>caa</th>\n      <th>thall</th>\n      <th>output</th>\n    </tr>\n  </thead>\n  <tbody>\n    <tr>\n      <th>0</th>\n      <td>63</td>\n      <td>1</td>\n      <td>3</td>\n      <td>145</td>\n      <td>233</td>\n      <td>1</td>\n      <td>0</td>\n      <td>150</td>\n      <td>0</td>\n      <td>2.3</td>\n      <td>0</td>\n      <td>0</td>\n      <td>1</td>\n      <td>1</td>\n    </tr>\n    <tr>\n      <th>1</th>\n      <td>37</td>\n      <td>1</td>\n      <td>2</td>\n      <td>130</td>\n      <td>250</td>\n      <td>0</td>\n      <td>1</td>\n      <td>187</td>\n      <td>0</td>\n      <td>3.5</td>\n      <td>0</td>\n      <td>0</td>\n      <td>2</td>\n      <td>1</td>\n    </tr>\n    <tr>\n      <th>2</th>\n      <td>41</td>\n      <td>0</td>\n      <td>1</td>\n      <td>130</td>\n      <td>204</td>\n      <td>0</td>\n      <td>0</td>\n      <td>172</td>\n      <td>0</td>\n      <td>1.4</td>\n      <td>2</td>\n      <td>0</td>\n      <td>2</td>\n      <td>1</td>\n    </tr>\n    <tr>\n      <th>3</th>\n      <td>56</td>\n      <td>1</td>\n      <td>1</td>\n      <td>120</td>\n      <td>236</td>\n      <td>0</td>\n      <td>1</td>\n      <td>178</td>\n      <td>0</td>\n      <td>0.8</td>\n      <td>2</td>\n      <td>0</td>\n      <td>2</td>\n      <td>1</td>\n    </tr>\n    <tr>\n      <th>4</th>\n      <td>57</td>\n      <td>0</td>\n      <td>0</td>\n      <td>120</td>\n      <td>354</td>\n      <td>0</td>\n      <td>1</td>\n      <td>163</td>\n      <td>1</td>\n      <td>0.6</td>\n      <td>2</td>\n      <td>0</td>\n      <td>2</td>\n      <td>1</td>\n    </tr>\n  </tbody>\n</table>\n</div>"},"metadata":{}}]},{"cell_type":"markdown","source":"# Data Summarization and preprocessing","metadata":{}},{"cell_type":"markdown","source":"**Information about the DataFrame:\ninfo such as datatypes of the attributes,\nShape,\nrow null count wrt col.**","metadata":{}},{"cell_type":"code","source":"heart_df.info()\nprint('Number of rows are',heart_df.shape[0], 'and number of columns are ',heart_df.shape[1])\n\n# Checking For Null Values \nheart_df.isnull().sum()\n","metadata":{"execution":{"iopub.status.busy":"2023-01-17T13:16:14.969933Z","iopub.execute_input":"2023-01-17T13:16:14.970322Z","iopub.status.idle":"2023-01-17T13:16:15.004431Z","shell.execute_reply.started":"2023-01-17T13:16:14.970291Z","shell.execute_reply":"2023-01-17T13:16:15.003083Z"},"trusted":true},"execution_count":5,"outputs":[{"name":"stdout","text":"<class 'pandas.core.frame.DataFrame'>\nRangeIndex: 303 entries, 0 to 302\nData columns (total 14 columns):\n #   Column    Non-Null Count  Dtype  \n---  ------    --------------  -----  \n 0   age       303 non-null    int64  \n 1   sex       303 non-null    int64  \n 2   cp        303 non-null    int64  \n 3   trtbps    303 non-null    int64  \n 4   chol      303 non-null    int64  \n 5   fbs       303 non-null    int64  \n 6   restecg   303 non-null    int64  \n 7   thalachh  303 non-null    int64  \n 8   exng      303 non-null    int64  \n 9   oldpeak   303 non-null    float64\n 10  slp       303 non-null    int64  \n 11  caa       303 non-null    int64  \n 12  thall     303 non-null    int64  \n 13  output    303 non-null    int64  \ndtypes: float64(1), int64(13)\nmemory usage: 33.3 KB\nNumber of rows are 303 and number of columns are  14\n","output_type":"stream"},{"execution_count":5,"output_type":"execute_result","data":{"text/plain":"age         0\nsex         0\ncp          0\ntrtbps      0\nchol        0\nfbs         0\nrestecg     0\nthalachh    0\nexng        0\noldpeak     0\nslp         0\ncaa         0\nthall       0\noutput      0\ndtype: int64"},"metadata":{}}]},{"cell_type":"code","source":"# Check for duplicates\nheart_df[heart_df.duplicated()]","metadata":{"execution":{"iopub.status.busy":"2023-01-17T13:16:16.136844Z","iopub.execute_input":"2023-01-17T13:16:16.137290Z","iopub.status.idle":"2023-01-17T13:16:16.163265Z","shell.execute_reply.started":"2023-01-17T13:16:16.137254Z","shell.execute_reply":"2023-01-17T13:16:16.161575Z"},"trusted":true},"execution_count":6,"outputs":[{"execution_count":6,"output_type":"execute_result","data":{"text/plain":"     age  sex  cp  trtbps  chol  fbs  restecg  thalachh  exng  oldpeak  slp  \\\n164   38    1   2     138   175    0        1       173     0      0.0    2   \n\n     caa  thall  output  \n164    4      2       1  ","text/html":"<div>\n<style scoped>\n    .dataframe tbody tr th:only-of-type {\n        vertical-align: middle;\n    }\n\n    .dataframe tbody tr th {\n        vertical-align: top;\n    }\n\n    .dataframe thead th {\n        text-align: right;\n    }\n</style>\n<table border=\"1\" class=\"dataframe\">\n  <thead>\n    <tr style=\"text-align: right;\">\n      <th></th>\n      <th>age</th>\n      <th>sex</th>\n      <th>cp</th>\n      <th>trtbps</th>\n      <th>chol</th>\n      <th>fbs</th>\n      <th>restecg</th>\n      <th>thalachh</th>\n      <th>exng</th>\n      <th>oldpeak</th>\n      <th>slp</th>\n      <th>caa</th>\n      <th>thall</th>\n      <th>output</th>\n    </tr>\n  </thead>\n  <tbody>\n    <tr>\n      <th>164</th>\n      <td>38</td>\n      <td>1</td>\n      <td>2</td>\n      <td>138</td>\n      <td>175</td>\n      <td>0</td>\n      <td>1</td>\n      <td>173</td>\n      <td>0</td>\n      <td>0.0</td>\n      <td>2</td>\n      <td>4</td>\n      <td>2</td>\n      <td>1</td>\n    </tr>\n  </tbody>\n</table>\n</div>"},"metadata":{}}]},{"cell_type":"code","source":"# Remove duplicate rows from the df\nheart_df.drop_duplicates(keep='first',inplace=True)","metadata":{"execution":{"iopub.status.busy":"2023-01-17T13:16:17.242638Z","iopub.execute_input":"2023-01-17T13:16:17.243572Z","iopub.status.idle":"2023-01-17T13:16:17.253392Z","shell.execute_reply.started":"2023-01-17T13:16:17.243520Z","shell.execute_reply":"2023-01-17T13:16:17.251814Z"},"trusted":true},"execution_count":7,"outputs":[]},{"cell_type":"code","source":"# verify if the duplicate row is removed\nheart_df[heart_df.duplicated()]","metadata":{"execution":{"iopub.status.busy":"2023-01-17T13:16:18.462709Z","iopub.execute_input":"2023-01-17T13:16:18.463153Z","iopub.status.idle":"2023-01-17T13:16:18.478586Z","shell.execute_reply.started":"2023-01-17T13:16:18.463118Z","shell.execute_reply":"2023-01-17T13:16:18.477141Z"},"trusted":true},"execution_count":8,"outputs":[{"execution_count":8,"output_type":"execute_result","data":{"text/plain":"Empty DataFrame\nColumns: [age, sex, cp, trtbps, chol, fbs, restecg, thalachh, exng, oldpeak, slp, caa, thall, output]\nIndex: []","text/html":"<div>\n<style scoped>\n    .dataframe tbody tr th:only-of-type {\n        vertical-align: middle;\n    }\n\n    .dataframe tbody tr th {\n        vertical-align: top;\n    }\n\n    .dataframe thead th {\n        text-align: right;\n    }\n</style>\n<table border=\"1\" class=\"dataframe\">\n  <thead>\n    <tr style=\"text-align: right;\">\n      <th></th>\n      <th>age</th>\n      <th>sex</th>\n      <th>cp</th>\n      <th>trtbps</th>\n      <th>chol</th>\n      <th>fbs</th>\n      <th>restecg</th>\n      <th>thalachh</th>\n      <th>exng</th>\n      <th>oldpeak</th>\n      <th>slp</th>\n      <th>caa</th>\n      <th>thall</th>\n      <th>output</th>\n    </tr>\n  </thead>\n  <tbody>\n  </tbody>\n</table>\n</div>"},"metadata":{}}]},{"cell_type":"code","source":"heart_df = heart_df.reset_index()","metadata":{"execution":{"iopub.status.busy":"2023-01-17T13:16:19.543344Z","iopub.execute_input":"2023-01-17T13:16:19.543774Z","iopub.status.idle":"2023-01-17T13:16:19.551824Z","shell.execute_reply.started":"2023-01-17T13:16:19.543734Z","shell.execute_reply":"2023-01-17T13:16:19.550344Z"},"trusted":true},"execution_count":9,"outputs":[]},{"cell_type":"code","source":"heart_df = heart_df.drop(\"index\", axis=1)","metadata":{"execution":{"iopub.status.busy":"2023-01-17T13:16:22.643492Z","iopub.execute_input":"2023-01-17T13:16:22.643895Z","iopub.status.idle":"2023-01-17T13:16:22.651052Z","shell.execute_reply.started":"2023-01-17T13:16:22.643862Z","shell.execute_reply":"2023-01-17T13:16:22.649688Z"},"trusted":true},"execution_count":10,"outputs":[]},{"cell_type":"code","source":"heart_df.head()","metadata":{"execution":{"iopub.status.busy":"2023-01-17T13:16:24.089229Z","iopub.execute_input":"2023-01-17T13:16:24.089619Z","iopub.status.idle":"2023-01-17T13:16:24.106569Z","shell.execute_reply.started":"2023-01-17T13:16:24.089587Z","shell.execute_reply":"2023-01-17T13:16:24.105325Z"},"trusted":true},"execution_count":11,"outputs":[{"execution_count":11,"output_type":"execute_result","data":{"text/plain":"   age  sex  cp  trtbps  chol  fbs  restecg  thalachh  exng  oldpeak  slp  \\\n0   63    1   3     145   233    1        0       150     0      2.3    0   \n1   37    1   2     130   250    0        1       187     0      3.5    0   \n2   41    0   1     130   204    0        0       172     0      1.4    2   \n3   56    1   1     120   236    0        1       178     0      0.8    2   \n4   57    0   0     120   354    0        1       163     1      0.6    2   \n\n   caa  thall  output  \n0    0      1       1  \n1    0      2       1  \n2    0      2       1  \n3    0      2       1  \n4    0      2       1  ","text/html":"<div>\n<style scoped>\n    .dataframe tbody tr th:only-of-type {\n        vertical-align: middle;\n    }\n\n    .dataframe tbody tr th {\n        vertical-align: top;\n    }\n\n    .dataframe thead th {\n        text-align: right;\n    }\n</style>\n<table border=\"1\" class=\"dataframe\">\n  <thead>\n    <tr style=\"text-align: right;\">\n      <th></th>\n      <th>age</th>\n      <th>sex</th>\n      <th>cp</th>\n      <th>trtbps</th>\n      <th>chol</th>\n      <th>fbs</th>\n      <th>restecg</th>\n      <th>thalachh</th>\n      <th>exng</th>\n      <th>oldpeak</th>\n      <th>slp</th>\n      <th>caa</th>\n      <th>thall</th>\n      <th>output</th>\n    </tr>\n  </thead>\n  <tbody>\n    <tr>\n      <th>0</th>\n      <td>63</td>\n      <td>1</td>\n      <td>3</td>\n      <td>145</td>\n      <td>233</td>\n      <td>1</td>\n      <td>0</td>\n      <td>150</td>\n      <td>0</td>\n      <td>2.3</td>\n      <td>0</td>\n      <td>0</td>\n      <td>1</td>\n      <td>1</td>\n    </tr>\n    <tr>\n      <th>1</th>\n      <td>37</td>\n      <td>1</td>\n      <td>2</td>\n      <td>130</td>\n      <td>250</td>\n      <td>0</td>\n      <td>1</td>\n      <td>187</td>\n      <td>0</td>\n      <td>3.5</td>\n      <td>0</td>\n      <td>0</td>\n      <td>2</td>\n      <td>1</td>\n    </tr>\n    <tr>\n      <th>2</th>\n      <td>41</td>\n      <td>0</td>\n      <td>1</td>\n      <td>130</td>\n      <td>204</td>\n      <td>0</td>\n      <td>0</td>\n      <td>172</td>\n      <td>0</td>\n      <td>1.4</td>\n      <td>2</td>\n      <td>0</td>\n      <td>2</td>\n      <td>1</td>\n    </tr>\n    <tr>\n      <th>3</th>\n      <td>56</td>\n      <td>1</td>\n      <td>1</td>\n      <td>120</td>\n      <td>236</td>\n      <td>0</td>\n      <td>1</td>\n      <td>178</td>\n      <td>0</td>\n      <td>0.8</td>\n      <td>2</td>\n      <td>0</td>\n      <td>2</td>\n      <td>1</td>\n    </tr>\n    <tr>\n      <th>4</th>\n      <td>57</td>\n      <td>0</td>\n      <td>0</td>\n      <td>120</td>\n      <td>354</td>\n      <td>0</td>\n      <td>1</td>\n      <td>163</td>\n      <td>1</td>\n      <td>0.6</td>\n      <td>2</td>\n      <td>0</td>\n      <td>2</td>\n      <td>1</td>\n    </tr>\n  </tbody>\n</table>\n</div>"},"metadata":{}}]},{"cell_type":"code","source":"#check for new shape after the removal of duplicate row\nprint('Number of rows are',heart_df.shape[0], 'and number of columns are ',heart_df.shape[1])\n","metadata":{"execution":{"iopub.status.busy":"2023-01-17T13:16:25.447236Z","iopub.execute_input":"2023-01-17T13:16:25.447682Z","iopub.status.idle":"2023-01-17T13:16:25.454960Z","shell.execute_reply.started":"2023-01-17T13:16:25.447646Z","shell.execute_reply":"2023-01-17T13:16:25.453309Z"},"trusted":true},"execution_count":12,"outputs":[{"name":"stdout","text":"Number of rows are 302 and number of columns are  14\n","output_type":"stream"}]},{"cell_type":"markdown","source":"**Statistical information of df**","metadata":{}},{"cell_type":"code","source":"heart_df.describe()","metadata":{"execution":{"iopub.status.busy":"2023-01-17T13:16:28.594920Z","iopub.execute_input":"2023-01-17T13:16:28.595369Z","iopub.status.idle":"2023-01-17T13:16:28.657370Z","shell.execute_reply.started":"2023-01-17T13:16:28.595330Z","shell.execute_reply":"2023-01-17T13:16:28.655997Z"},"trusted":true},"execution_count":13,"outputs":[{"execution_count":13,"output_type":"execute_result","data":{"text/plain":"             age         sex          cp      trtbps        chol         fbs  \\\ncount  302.00000  302.000000  302.000000  302.000000  302.000000  302.000000   \nmean    54.42053    0.682119    0.963576  131.602649  246.500000    0.149007   \nstd      9.04797    0.466426    1.032044   17.563394   51.753489    0.356686   \nmin     29.00000    0.000000    0.000000   94.000000  126.000000    0.000000   \n25%     48.00000    0.000000    0.000000  120.000000  211.000000    0.000000   \n50%     55.50000    1.000000    1.000000  130.000000  240.500000    0.000000   \n75%     61.00000    1.000000    2.000000  140.000000  274.750000    0.000000   \nmax     77.00000    1.000000    3.000000  200.000000  564.000000    1.000000   \n\n          restecg    thalachh        exng     oldpeak         slp         caa  \\\ncount  302.000000  302.000000  302.000000  302.000000  302.000000  302.000000   \nmean     0.526490  149.569536    0.327815    1.043046    1.397351    0.718543   \nstd      0.526027   22.903527    0.470196    1.161452    0.616274    1.006748   \nmin      0.000000   71.000000    0.000000    0.000000    0.000000    0.000000   \n25%      0.000000  133.250000    0.000000    0.000000    1.000000    0.000000   \n50%      1.000000  152.500000    0.000000    0.800000    1.000000    0.000000   \n75%      1.000000  166.000000    1.000000    1.600000    2.000000    1.000000   \nmax      2.000000  202.000000    1.000000    6.200000    2.000000    4.000000   \n\n            thall      output  \ncount  302.000000  302.000000  \nmean     2.314570    0.543046  \nstd      0.613026    0.498970  \nmin      0.000000    0.000000  \n25%      2.000000    0.000000  \n50%      2.000000    1.000000  \n75%      3.000000    1.000000  \nmax      3.000000    1.000000  ","text/html":"<div>\n<style scoped>\n    .dataframe tbody tr th:only-of-type {\n        vertical-align: middle;\n    }\n\n    .dataframe tbody tr th {\n        vertical-align: top;\n    }\n\n    .dataframe thead th {\n        text-align: right;\n    }\n</style>\n<table border=\"1\" class=\"dataframe\">\n  <thead>\n    <tr style=\"text-align: right;\">\n      <th></th>\n      <th>age</th>\n      <th>sex</th>\n      <th>cp</th>\n      <th>trtbps</th>\n      <th>chol</th>\n      <th>fbs</th>\n      <th>restecg</th>\n      <th>thalachh</th>\n      <th>exng</th>\n      <th>oldpeak</th>\n      <th>slp</th>\n      <th>caa</th>\n      <th>thall</th>\n      <th>output</th>\n    </tr>\n  </thead>\n  <tbody>\n    <tr>\n      <th>count</th>\n      <td>302.00000</td>\n      <td>302.000000</td>\n      <td>302.000000</td>\n      <td>302.000000</td>\n      <td>302.000000</td>\n      <td>302.000000</td>\n      <td>302.000000</td>\n      <td>302.000000</td>\n      <td>302.000000</td>\n      <td>302.000000</td>\n      <td>302.000000</td>\n      <td>302.000000</td>\n      <td>302.000000</td>\n      <td>302.000000</td>\n    </tr>\n    <tr>\n      <th>mean</th>\n      <td>54.42053</td>\n      <td>0.682119</td>\n      <td>0.963576</td>\n      <td>131.602649</td>\n      <td>246.500000</td>\n      <td>0.149007</td>\n      <td>0.526490</td>\n      <td>149.569536</td>\n      <td>0.327815</td>\n      <td>1.043046</td>\n      <td>1.397351</td>\n      <td>0.718543</td>\n      <td>2.314570</td>\n      <td>0.543046</td>\n    </tr>\n    <tr>\n      <th>std</th>\n      <td>9.04797</td>\n      <td>0.466426</td>\n      <td>1.032044</td>\n      <td>17.563394</td>\n      <td>51.753489</td>\n      <td>0.356686</td>\n      <td>0.526027</td>\n      <td>22.903527</td>\n      <td>0.470196</td>\n      <td>1.161452</td>\n      <td>0.616274</td>\n      <td>1.006748</td>\n      <td>0.613026</td>\n      <td>0.498970</td>\n    </tr>\n    <tr>\n      <th>min</th>\n      <td>29.00000</td>\n      <td>0.000000</td>\n      <td>0.000000</td>\n      <td>94.000000</td>\n      <td>126.000000</td>\n      <td>0.000000</td>\n      <td>0.000000</td>\n      <td>71.000000</td>\n      <td>0.000000</td>\n      <td>0.000000</td>\n      <td>0.000000</td>\n      <td>0.000000</td>\n      <td>0.000000</td>\n      <td>0.000000</td>\n    </tr>\n    <tr>\n      <th>25%</th>\n      <td>48.00000</td>\n      <td>0.000000</td>\n      <td>0.000000</td>\n      <td>120.000000</td>\n      <td>211.000000</td>\n      <td>0.000000</td>\n      <td>0.000000</td>\n      <td>133.250000</td>\n      <td>0.000000</td>\n      <td>0.000000</td>\n      <td>1.000000</td>\n      <td>0.000000</td>\n      <td>2.000000</td>\n      <td>0.000000</td>\n    </tr>\n    <tr>\n      <th>50%</th>\n      <td>55.50000</td>\n      <td>1.000000</td>\n      <td>1.000000</td>\n      <td>130.000000</td>\n      <td>240.500000</td>\n      <td>0.000000</td>\n      <td>1.000000</td>\n      <td>152.500000</td>\n      <td>0.000000</td>\n      <td>0.800000</td>\n      <td>1.000000</td>\n      <td>0.000000</td>\n      <td>2.000000</td>\n      <td>1.000000</td>\n    </tr>\n    <tr>\n      <th>75%</th>\n      <td>61.00000</td>\n      <td>1.000000</td>\n      <td>2.000000</td>\n      <td>140.000000</td>\n      <td>274.750000</td>\n      <td>0.000000</td>\n      <td>1.000000</td>\n      <td>166.000000</td>\n      <td>1.000000</td>\n      <td>1.600000</td>\n      <td>2.000000</td>\n      <td>1.000000</td>\n      <td>3.000000</td>\n      <td>1.000000</td>\n    </tr>\n    <tr>\n      <th>max</th>\n      <td>77.00000</td>\n      <td>1.000000</td>\n      <td>3.000000</td>\n      <td>200.000000</td>\n      <td>564.000000</td>\n      <td>1.000000</td>\n      <td>2.000000</td>\n      <td>202.000000</td>\n      <td>1.000000</td>\n      <td>6.200000</td>\n      <td>2.000000</td>\n      <td>4.000000</td>\n      <td>3.000000</td>\n      <td>1.000000</td>\n    </tr>\n  </tbody>\n</table>\n</div>"},"metadata":{}}]},{"cell_type":"code","source":"# correlation matrix\ncor_mat = heart_df.corr()\ncor_mat","metadata":{"execution":{"iopub.status.busy":"2023-01-17T13:16:29.926325Z","iopub.execute_input":"2023-01-17T13:16:29.926843Z","iopub.status.idle":"2023-01-17T13:16:29.966849Z","shell.execute_reply.started":"2023-01-17T13:16:29.926798Z","shell.execute_reply":"2023-01-17T13:16:29.965576Z"},"trusted":true},"execution_count":14,"outputs":[{"execution_count":14,"output_type":"execute_result","data":{"text/plain":"               age       sex        cp    trtbps      chol       fbs  \\\nage       1.000000 -0.094962 -0.063107  0.283121  0.207216  0.119492   \nsex      -0.094962  1.000000 -0.051740 -0.057647 -0.195571  0.046022   \ncp       -0.063107 -0.051740  1.000000  0.046486 -0.072682  0.096018   \ntrtbps    0.283121 -0.057647  0.046486  1.000000  0.125256  0.178125   \nchol      0.207216 -0.195571 -0.072682  0.125256  1.000000  0.011428   \nfbs       0.119492  0.046022  0.096018  0.178125  0.011428  1.000000   \nrestecg  -0.111590 -0.060351  0.041561 -0.115367 -0.147602 -0.083081   \nthalachh -0.395235 -0.046439  0.293367 -0.048023 -0.005308 -0.007169   \nexng      0.093216  0.143460 -0.392937  0.068526  0.064099  0.024729   \noldpeak   0.206040  0.098322 -0.146692  0.194600  0.050086  0.004514   \nslp      -0.164124 -0.032990  0.116854 -0.122873  0.000417 -0.058654   \ncaa       0.302261  0.113060 -0.195356  0.099248  0.086878  0.144935   \nthall     0.065317  0.211452 -0.160370  0.062870  0.096810 -0.032752   \noutput   -0.221476 -0.283609  0.432080 -0.146269 -0.081437 -0.026826   \n\n           restecg  thalachh      exng   oldpeak       slp       caa  \\\nage      -0.111590 -0.395235  0.093216  0.206040 -0.164124  0.302261   \nsex      -0.060351 -0.046439  0.143460  0.098322 -0.032990  0.113060   \ncp        0.041561  0.293367 -0.392937 -0.146692  0.116854 -0.195356   \ntrtbps   -0.115367 -0.048023  0.068526  0.194600 -0.122873  0.099248   \nchol     -0.147602 -0.005308  0.064099  0.050086  0.000417  0.086878   \nfbs      -0.083081 -0.007169  0.024729  0.004514 -0.058654  0.144935   \nrestecg   1.000000  0.041210 -0.068807 -0.056251  0.090402 -0.083112   \nthalachh  0.041210  1.000000 -0.377411 -0.342201  0.384754 -0.228311   \nexng     -0.068807 -0.377411  1.000000  0.286766 -0.256106  0.125377   \noldpeak  -0.056251 -0.342201  0.286766  1.000000 -0.576314  0.236560   \nslp       0.090402  0.384754 -0.256106 -0.576314  1.000000 -0.092236   \ncaa      -0.083112 -0.228311  0.125377  0.236560 -0.092236  1.000000   \nthall    -0.010473 -0.094910  0.205826  0.209090 -0.103314  0.160085   \noutput    0.134874  0.419955 -0.435601 -0.429146  0.343940 -0.408992   \n\n             thall    output  \nage       0.065317 -0.221476  \nsex       0.211452 -0.283609  \ncp       -0.160370  0.432080  \ntrtbps    0.062870 -0.146269  \nchol      0.096810 -0.081437  \nfbs      -0.032752 -0.026826  \nrestecg  -0.010473  0.134874  \nthalachh -0.094910  0.419955  \nexng      0.205826 -0.435601  \noldpeak   0.209090 -0.429146  \nslp      -0.103314  0.343940  \ncaa       0.160085 -0.408992  \nthall     1.000000 -0.343101  \noutput   -0.343101  1.000000  ","text/html":"<div>\n<style scoped>\n    .dataframe tbody tr th:only-of-type {\n        vertical-align: middle;\n    }\n\n    .dataframe tbody tr th {\n        vertical-align: top;\n    }\n\n    .dataframe thead th {\n        text-align: right;\n    }\n</style>\n<table border=\"1\" class=\"dataframe\">\n  <thead>\n    <tr style=\"text-align: right;\">\n      <th></th>\n      <th>age</th>\n      <th>sex</th>\n      <th>cp</th>\n      <th>trtbps</th>\n      <th>chol</th>\n      <th>fbs</th>\n      <th>restecg</th>\n      <th>thalachh</th>\n      <th>exng</th>\n      <th>oldpeak</th>\n      <th>slp</th>\n      <th>caa</th>\n      <th>thall</th>\n      <th>output</th>\n    </tr>\n  </thead>\n  <tbody>\n    <tr>\n      <th>age</th>\n      <td>1.000000</td>\n      <td>-0.094962</td>\n      <td>-0.063107</td>\n      <td>0.283121</td>\n      <td>0.207216</td>\n      <td>0.119492</td>\n      <td>-0.111590</td>\n      <td>-0.395235</td>\n      <td>0.093216</td>\n      <td>0.206040</td>\n      <td>-0.164124</td>\n      <td>0.302261</td>\n      <td>0.065317</td>\n      <td>-0.221476</td>\n    </tr>\n    <tr>\n      <th>sex</th>\n      <td>-0.094962</td>\n      <td>1.000000</td>\n      <td>-0.051740</td>\n      <td>-0.057647</td>\n      <td>-0.195571</td>\n      <td>0.046022</td>\n      <td>-0.060351</td>\n      <td>-0.046439</td>\n      <td>0.143460</td>\n      <td>0.098322</td>\n      <td>-0.032990</td>\n      <td>0.113060</td>\n      <td>0.211452</td>\n      <td>-0.283609</td>\n    </tr>\n    <tr>\n      <th>cp</th>\n      <td>-0.063107</td>\n      <td>-0.051740</td>\n      <td>1.000000</td>\n      <td>0.046486</td>\n      <td>-0.072682</td>\n      <td>0.096018</td>\n      <td>0.041561</td>\n      <td>0.293367</td>\n      <td>-0.392937</td>\n      <td>-0.146692</td>\n      <td>0.116854</td>\n      <td>-0.195356</td>\n      <td>-0.160370</td>\n      <td>0.432080</td>\n    </tr>\n    <tr>\n      <th>trtbps</th>\n      <td>0.283121</td>\n      <td>-0.057647</td>\n      <td>0.046486</td>\n      <td>1.000000</td>\n      <td>0.125256</td>\n      <td>0.178125</td>\n      <td>-0.115367</td>\n      <td>-0.048023</td>\n      <td>0.068526</td>\n      <td>0.194600</td>\n      <td>-0.122873</td>\n      <td>0.099248</td>\n      <td>0.062870</td>\n      <td>-0.146269</td>\n    </tr>\n    <tr>\n      <th>chol</th>\n      <td>0.207216</td>\n      <td>-0.195571</td>\n      <td>-0.072682</td>\n      <td>0.125256</td>\n      <td>1.000000</td>\n      <td>0.011428</td>\n      <td>-0.147602</td>\n      <td>-0.005308</td>\n      <td>0.064099</td>\n      <td>0.050086</td>\n      <td>0.000417</td>\n      <td>0.086878</td>\n      <td>0.096810</td>\n      <td>-0.081437</td>\n    </tr>\n    <tr>\n      <th>fbs</th>\n      <td>0.119492</td>\n      <td>0.046022</td>\n      <td>0.096018</td>\n      <td>0.178125</td>\n      <td>0.011428</td>\n      <td>1.000000</td>\n      <td>-0.083081</td>\n      <td>-0.007169</td>\n      <td>0.024729</td>\n      <td>0.004514</td>\n      <td>-0.058654</td>\n      <td>0.144935</td>\n      <td>-0.032752</td>\n      <td>-0.026826</td>\n    </tr>\n    <tr>\n      <th>restecg</th>\n      <td>-0.111590</td>\n      <td>-0.060351</td>\n      <td>0.041561</td>\n      <td>-0.115367</td>\n      <td>-0.147602</td>\n      <td>-0.083081</td>\n      <td>1.000000</td>\n      <td>0.041210</td>\n      <td>-0.068807</td>\n      <td>-0.056251</td>\n      <td>0.090402</td>\n      <td>-0.083112</td>\n      <td>-0.010473</td>\n      <td>0.134874</td>\n    </tr>\n    <tr>\n      <th>thalachh</th>\n      <td>-0.395235</td>\n      <td>-0.046439</td>\n      <td>0.293367</td>\n      <td>-0.048023</td>\n      <td>-0.005308</td>\n      <td>-0.007169</td>\n      <td>0.041210</td>\n      <td>1.000000</td>\n      <td>-0.377411</td>\n      <td>-0.342201</td>\n      <td>0.384754</td>\n      <td>-0.228311</td>\n      <td>-0.094910</td>\n      <td>0.419955</td>\n    </tr>\n    <tr>\n      <th>exng</th>\n      <td>0.093216</td>\n      <td>0.143460</td>\n      <td>-0.392937</td>\n      <td>0.068526</td>\n      <td>0.064099</td>\n      <td>0.024729</td>\n      <td>-0.068807</td>\n      <td>-0.377411</td>\n      <td>1.000000</td>\n      <td>0.286766</td>\n      <td>-0.256106</td>\n      <td>0.125377</td>\n      <td>0.205826</td>\n      <td>-0.435601</td>\n    </tr>\n    <tr>\n      <th>oldpeak</th>\n      <td>0.206040</td>\n      <td>0.098322</td>\n      <td>-0.146692</td>\n      <td>0.194600</td>\n      <td>0.050086</td>\n      <td>0.004514</td>\n      <td>-0.056251</td>\n      <td>-0.342201</td>\n      <td>0.286766</td>\n      <td>1.000000</td>\n      <td>-0.576314</td>\n      <td>0.236560</td>\n      <td>0.209090</td>\n      <td>-0.429146</td>\n    </tr>\n    <tr>\n      <th>slp</th>\n      <td>-0.164124</td>\n      <td>-0.032990</td>\n      <td>0.116854</td>\n      <td>-0.122873</td>\n      <td>0.000417</td>\n      <td>-0.058654</td>\n      <td>0.090402</td>\n      <td>0.384754</td>\n      <td>-0.256106</td>\n      <td>-0.576314</td>\n      <td>1.000000</td>\n      <td>-0.092236</td>\n      <td>-0.103314</td>\n      <td>0.343940</td>\n    </tr>\n    <tr>\n      <th>caa</th>\n      <td>0.302261</td>\n      <td>0.113060</td>\n      <td>-0.195356</td>\n      <td>0.099248</td>\n      <td>0.086878</td>\n      <td>0.144935</td>\n      <td>-0.083112</td>\n      <td>-0.228311</td>\n      <td>0.125377</td>\n      <td>0.236560</td>\n      <td>-0.092236</td>\n      <td>1.000000</td>\n      <td>0.160085</td>\n      <td>-0.408992</td>\n    </tr>\n    <tr>\n      <th>thall</th>\n      <td>0.065317</td>\n      <td>0.211452</td>\n      <td>-0.160370</td>\n      <td>0.062870</td>\n      <td>0.096810</td>\n      <td>-0.032752</td>\n      <td>-0.010473</td>\n      <td>-0.094910</td>\n      <td>0.205826</td>\n      <td>0.209090</td>\n      <td>-0.103314</td>\n      <td>0.160085</td>\n      <td>1.000000</td>\n      <td>-0.343101</td>\n    </tr>\n    <tr>\n      <th>output</th>\n      <td>-0.221476</td>\n      <td>-0.283609</td>\n      <td>0.432080</td>\n      <td>-0.146269</td>\n      <td>-0.081437</td>\n      <td>-0.026826</td>\n      <td>0.134874</td>\n      <td>0.419955</td>\n      <td>-0.435601</td>\n      <td>-0.429146</td>\n      <td>0.343940</td>\n      <td>-0.408992</td>\n      <td>-0.343101</td>\n      <td>1.000000</td>\n    </tr>\n  </tbody>\n</table>\n</div>"},"metadata":{}}]},{"cell_type":"code","source":"# Heatmap representing correlation matrix\nfig = px.imshow(cor_mat, color_continuous_scale='RdBu_r', origin='lower')\nfig.show()","metadata":{"execution":{"iopub.status.busy":"2023-01-17T13:16:31.229386Z","iopub.execute_input":"2023-01-17T13:16:31.229824Z","iopub.status.idle":"2023-01-17T13:16:32.630489Z","shell.execute_reply.started":"2023-01-17T13:16:31.229791Z","shell.execute_reply":"2023-01-17T13:16:32.629154Z"},"trusted":true},"execution_count":15,"outputs":[{"output_type":"display_data","data":{"text/html":"        <script type=\"text/javascript\">\n        window.PlotlyConfig = {MathJaxConfig: 'local'};\n        if (window.MathJax && window.MathJax.Hub && window.MathJax.Hub.Config) {window.MathJax.Hub.Config({SVG: {font: \"STIX-Web\"}});}\n        if (typeof require !== 'undefined') {\n        require.undef(\"plotly\");\n        requirejs.config({\n            paths: {\n                'plotly': ['https://cdn.plot.ly/plotly-2.14.0.min']\n            }\n        });\n        require(['plotly'], function(Plotly) {\n            window._Plotly = Plotly;\n        });\n        }\n        </script>\n        "},"metadata":{}},{"output_type":"display_data","data":{"text/html":"<div>                            <div id=\"26fb330f-6a4c-40cc-8c23-d21ecd51c5eb\" class=\"plotly-graph-div\" style=\"height:525px; width:100%;\"></div>            <script type=\"text/javascript\">                require([\"plotly\"], function(Plotly) {                    window.PLOTLYENV=window.PLOTLYENV || {};                                    if (document.getElementById(\"26fb330f-6a4c-40cc-8c23-d21ecd51c5eb\")) {                    Plotly.newPlot(                        \"26fb330f-6a4c-40cc-8c23-d21ecd51c5eb\",                        [{\"coloraxis\":\"coloraxis\",\"name\":\"0\",\"x\":[\"age\",\"sex\",\"cp\",\"trtbps\",\"chol\",\"fbs\",\"restecg\",\"thalachh\",\"exng\",\"oldpeak\",\"slp\",\"caa\",\"thall\",\"output\"],\"y\":[\"age\",\"sex\",\"cp\",\"trtbps\",\"chol\",\"fbs\",\"restecg\",\"thalachh\",\"exng\",\"oldpeak\",\"slp\",\"caa\",\"thall\",\"output\"],\"z\":[[1.0,-0.09496248821055978,-0.06310658565720646,0.28312067898080434,0.2072155056561178,0.11949212756870446,-0.11159006011822413,-0.3952351875534809,0.09321584624212102,0.20603963750076162,-0.16412423366806822,0.30226120969724174,0.06531728846138724,-0.2214758277665632],[-0.09496248821055978,1.0,-0.05173952220794347,-0.057646940072901616,-0.1955714449054789,0.046022180812817406,-0.060350509064077594,-0.046438662712299884,0.14346012013070691,0.09832173325423298,-0.03298963307429071,0.11306039137632619,0.21145220080372443,-0.28360935779586244],[-0.06310658565720646,-0.05173952220794347,1.0,0.04648642405741093,-0.07268160815675583,0.09601810378887686,0.0415609994687958,0.2933665820060729,-0.3929373743580725,-0.14669224707212516,0.11685419420886575,-0.19535634467105176,-0.1603696343592772,0.4320795915664076],[0.28312067898080434,-0.057646940072901616,0.04648642405741093,1.0,0.12525628555536686,0.1781246924622795,-0.11536655568205441,-0.048022712031585736,0.06852626475958758,0.1945999503128808,-0.12287292844741415,0.09924834090336425,0.06286958227116786,-0.1462686638415544],[0.2072155056561178,-0.1955714449054789,-0.07268160815675583,0.12525628555536686,1.0,0.011428296514525541,-0.14760177169976565,-0.005308495794754931,0.06409889953538109,0.050086024023738865,0.000416658293245955,0.08687793662520914,0.09681044601826995,-0.08143720051844129],[0.11949212756870446,0.046022180812817406,0.09601810378887686,0.1781246924622795,0.011428296514525541,1.0,-0.08308108054367731,-0.007169289834638311,0.024728792784459754,0.004514274973532866,-0.058653541394914625,0.14493474913217871,-0.03275238137304714,-0.026825970565970397],[-0.11159006011822413,-0.060350509064077594,0.0415609994687958,-0.11536655568205441,-0.14760177169976565,-0.08308108054367731,1.0,0.04120980826286058,-0.06880655307680582,-0.056250713595255936,0.09040215246954555,-0.08311244328643051,-0.010473170948873472,0.1348744470286471],[-0.3952351875534809,-0.046438662712299884,0.2933665820060729,-0.048022712031585736,-0.005308495794754931,-0.007169289834638311,0.04120980826286058,1.0,-0.3774114488412383,-0.3422007459247005,0.38475438059767736,-0.2283110828854547,-0.09490993600291675,0.41995504366386893],[0.09321584624212102,0.14346012013070691,-0.3929373743580725,0.06852626475958758,0.06409889953538109,0.024728792784459754,-0.06880655307680582,-0.3774114488412383,1.0,0.2867663364924335,-0.2561062438300406,0.1253771017635063,0.20582565983635143,-0.4356007617136187],[0.20603963750076162,0.09832173325423298,-0.14669224707212516,0.1945999503128808,0.050086024023738865,0.004514274973532866,-0.056250713595255936,-0.3422007459247005,0.2867663364924335,1.0,-0.5763143815309939,0.23656044177478658,0.2090904909004058,-0.42914583288673813],[-0.16412423366806822,-0.03298963307429071,0.11685419420886575,-0.12287292844741415,0.000416658293245955,-0.058653541394914625,0.09040215246954555,0.38475438059767736,-0.2561062438300406,-0.5763143815309939,1.0,-0.09223636675937119,-0.10331366531177844,0.34393953248938713],[0.30226120969724174,0.11306039137632619,-0.19535634467105176,0.09924834090336425,0.08687793662520914,0.14493474913217871,-0.08311244328643051,-0.2283110828854547,0.1253771017635063,0.23656044177478658,-0.09223636675937119,1.0,0.1600854283264376,-0.4089919797569265],[0.06531728846138724,0.21145220080372443,-0.1603696343592772,0.06286958227116786,0.09681044601826995,-0.03275238137304714,-0.010473170948873472,-0.09490993600291675,0.20582565983635143,0.2090904909004058,-0.10331366531177844,0.1600854283264376,1.0,-0.34310071238956547],[-0.2214758277665632,-0.28360935779586244,0.4320795915664076,-0.1462686638415544,-0.08143720051844129,-0.026825970565970397,0.1348744470286471,0.41995504366386893,-0.4356007617136187,-0.42914583288673813,0.34393953248938713,-0.4089919797569265,-0.34310071238956547,1.0]],\"type\":\"heatmap\",\"xaxis\":\"x\",\"yaxis\":\"y\",\"hovertemplate\":\"x: %{x}<br>y: %{y}<br>color: %{z}<extra></extra>\"}],                        {\"template\":{\"data\":{\"histogram2dcontour\":[{\"type\":\"histogram2dcontour\",\"colorbar\":{\"outlinewidth\":0,\"ticks\":\"\"},\"colorscale\":[[0.0,\"#0d0887\"],[0.1111111111111111,\"#46039f\"],[0.2222222222222222,\"#7201a8\"],[0.3333333333333333,\"#9c179e\"],[0.4444444444444444,\"#bd3786\"],[0.5555555555555556,\"#d8576b\"],[0.6666666666666666,\"#ed7953\"],[0.7777777777777778,\"#fb9f3a\"],[0.8888888888888888,\"#fdca26\"],[1.0,\"#f0f921\"]]}],\"choropleth\":[{\"type\":\"choropleth\",\"colorbar\":{\"outlinewidth\":0,\"ticks\":\"\"}}],\"histogram2d\":[{\"type\":\"histogram2d\",\"colorbar\":{\"outlinewidth\":0,\"ticks\":\"\"},\"colorscale\":[[0.0,\"#0d0887\"],[0.1111111111111111,\"#46039f\"],[0.2222222222222222,\"#7201a8\"],[0.3333333333333333,\"#9c179e\"],[0.4444444444444444,\"#bd3786\"],[0.5555555555555556,\"#d8576b\"],[0.6666666666666666,\"#ed7953\"],[0.7777777777777778,\"#fb9f3a\"],[0.8888888888888888,\"#fdca26\"],[1.0,\"#f0f921\"]]}],\"heatmap\":[{\"type\":\"heatmap\",\"colorbar\":{\"outlinewidth\":0,\"ticks\":\"\"},\"colorscale\":[[0.0,\"#0d0887\"],[0.1111111111111111,\"#46039f\"],[0.2222222222222222,\"#7201a8\"],[0.3333333333333333,\"#9c179e\"],[0.4444444444444444,\"#bd3786\"],[0.5555555555555556,\"#d8576b\"],[0.6666666666666666,\"#ed7953\"],[0.7777777777777778,\"#fb9f3a\"],[0.8888888888888888,\"#fdca26\"],[1.0,\"#f0f921\"]]}],\"heatmapgl\":[{\"type\":\"heatmapgl\",\"colorbar\":{\"outlinewidth\":0,\"ticks\":\"\"},\"colorscale\":[[0.0,\"#0d0887\"],[0.1111111111111111,\"#46039f\"],[0.2222222222222222,\"#7201a8\"],[0.3333333333333333,\"#9c179e\"],[0.4444444444444444,\"#bd3786\"],[0.5555555555555556,\"#d8576b\"],[0.6666666666666666,\"#ed7953\"],[0.7777777777777778,\"#fb9f3a\"],[0.8888888888888888,\"#fdca26\"],[1.0,\"#f0f921\"]]}],\"contourcarpet\":[{\"type\":\"contourcarpet\",\"colorbar\":{\"outlinewidth\":0,\"ticks\":\"\"}}],\"contour\":[{\"type\":\"contour\",